1.69881603428838
0.0981750687313268
3.11894163047468
1.19552398088131
0.512188149999975
0.256070622318638
0.139546663211388
1.84729664098064
1.50655738092375
0.657031761866878
1.82433775975291
0.72675293660249
5.13389581784423
1.04587966220897
2.24970250550344
0.394855729651907
0.745985002267605
0.608211397681686
0.110198083408412
0.325035645065387
0.551573553132301
1.34886233154392
0.0541933649686151
1.044605024532
0.288631314697932
3.39803964626478
0.534468993852618
0.724211780955211
0.380241877708675
0.390982374351397
2.76865090355226
0.879617917388162
0.231383453964692
2.29434118463522
0.640878550857156
1.42046484174034
2.14618598195426
1.57686516851723
0.6773180378231
5.13882080952908
1.52386414343036
1.1022875716191
0.383209281757356
2.86889035514326
0.798693449354786
0.138906205874791
2.32991768253943
0.304884158155906
0.917454349717363
4.47271004308584
4.97841338713264
1.11460928705278
0.271346477996784
1.49274041014495
0.826765447068928
0.265701543633595
1.15341407683756
0.579799451816778
0.35345957929344
0.220290842568634
1.0849133552451
2.82977392300144
0.0658395157617433
1.00595623663769
2.42664520010082
1.01810889762214
2.26927291448429
0.702183770533861
0.596847233096019
1.99281710488599
0.295341436230784
0.915309627027695
3.40204518255413
1.77324405383479
3.01235952998133
0.993439418725598
1.37998577295786
1.55070378328875
1.09799258077923
1.84460905264454
0.556131058707327
1.60997128665282
0.691119259046656
0.00754307744370242
0.715382778680548
0.766606429179886
0.30166546091725
0.170792187369007
1.50784315680595
0.0382892961424639
0.0885225950805252
0.898234933580647
1.97509270907257
0.962805745476705
2.98995043261321
1.34860611869124
0.698705324255289
1.47666025079977
0.465523658722227
1.55460996292159
0.120224134891101
0.0604644537094843
2.96895920678161
0.258688423384801
0.873349846984301
1.65308486516654
1.3026603432991
0.701427983306441
0.4334119705042
0.61301256742814
2.16130176780618
1.43042652602163
1.81615107365765
0.579372168156058
0.848529102395569
0.224321661196816
4.05821029673456
1.23922160332672
1.27241736723701
0.859939543857171
0.00396972355276031
0.752225232896519
0.319835322831385
0.0199450844412901
0.812521080035625
1.7855294673006
0.423447881239292
0.926391606438741
0.0744955002416561
0.157760307191975
1.35739329448752
0.233731520869275
1.08133800596669
1.93272971012494
1.61913786923422
1.37051685906932
1.33491202973882
1.09861046188055
0.664977354203276
0.0417583047689442
0.890746670697602
0.276526551459824
0.141776397179612
2.90160235731385
0.397848047572241
1.41251784366702
0.0665740102864184
0.274296955959361
0.24687148407179
0.98851134586329
0.337711470022354
1.43989041112386
0.883787627117009
2.13541769790325
2.51874761214298
1.55160671882742
0.404436548163662
0.69756767609405
0.160604300001248
0.987028910897177
1.14481015683785
1.69721951021342
0.360277716886333
0.551872346669713
1.75271077669258
0.240816339752535
0.574956329841796
0.338707391304084
0.576242508988189
0.607421720273934
0.0842142776058966
0.663237891018559
0.199874579528866
0.179902532302297
0.728276869734757
0.440222927587577
0.543360298463894
0.106790338986957
0.622692132879531
0.998745568036311
2.38602198314507
0.368936775724393
1.218169156755
0.922308117943577
0.661813713133915
3.33351745760721
0.568998719747357
1.89430688410139
2.17627555214588
2.90689785717387
2.30691601678869
0.30004536751335
1.73005965599897
0.429769046972006
1.66801107255382
1.66855435626409
1.04148754557768
1.72815314251255
1.44896919878947
0.314979361146485
0.581243905615516
0.194592429492906
0.681227663794216
0.366417077910913
1.72344950065142
1.49277893286033
1.50872779283304
1.91051205418548
0.200068125849221
0.556678581142409
1.75488651337673
0.224732656330544
0.0131586933974495
0.541576598248758
2.31715107037973
0.065111881522306
2.01679597772688
0.896484294809366
0.00160603741282896
1.60152431911924
0.141082928876924
1.70244864247268
1.48981341055644
0.77003662851932
0.110254059054941
3.50483578867503
0.179827302565006
0.272561789202266
0.195999416858915
0.579455496946541
0.566364804410874
0.675142417581305
1.08319746356709
1.46311727749118
2.76714749198012
0.958617266272381
0.890033706627447
0.698339652665443
0.791237274576325
0.25715245131353
0.750635345472233
1.93991364377893
1.44650177099456
0.707688506361131
0.102507822325586
1.192867056457
0.323430607674498
2.66491300295918
1.14409476458088
1.43475426122868
1.35953444367347
0.956936996473475
3.21743968478255
1.14017195173379
0.0583669977979316
1.47572146951618
0.0485409494630557
0.324464300419488
0.687500925974575
0.291162263235012
3.40168034106032
1.14091648528456
0.549843304778636
2.08886249147883
0.00474196406279645
2.06626475215335
0.588449062599276
0.420237983318238
1.61940503738621
0.454982333698639
0.633583770039998
0.0518858026361462
0.229224536795071
1.893632387886
0.085754620157799
0.463711778456743
0.460331562563628
1.25896220889644
1.05010338814352
0.856006467735987
0.493302956517757
0.718530037965775
0.377547944689237
1.9679168231593
0.59812227663432
0.918795667731142
3.95146722884537
0.139281681976816
2.51545171622143
1.02550716846161
0.822916285749403
0.0204859640800047
0.823099681129804
0.0877271262595982
0.638207081946654
0.256654653598719
1.21408718580153
1.36689288740154
0.10990935330838
2.02340932402478
0.139062851528957
1.57295499681337
8.27036551681743
0.315625658422748
1.5090673757
2.08419482042004
0.77566357510979
1.16182915736721
1.2995138516512
0.0514720692306557
0.261629447889274
0.117381776968579
1.44597213402092
2.48348768762177
0.0803457195627546
1.11280517380848
0.0760491054857959
0.850647824444692
0.181796665476511
0.226069271077387
0.00345824733443647
2.72644821589398
1.25522857920026
4.68980016910968
0.326658574001883
1.05369307554023
0.419064404736824
0.412108418673855
0.915252687599735
0.0787636036403475
1.04643799920493
1.29323788300956
0.389093078195468
1.08498908346908
1.40635415202455
0.973014208417152
0.569798971093274
0.259668505463855
1.00545684240143
1.74861631832664
4.01697769286509
0.564225005813635
0.454293163225772
0.209662123085125
0.121182086794604
0.801715976529325
0.844711841859118
1.0782230399562
1.1349649137713
0.928105564504693
0.362998889390415
0.00880439200382698
0.854453967147876
0.840298257071996
5.3356612521862
0.455116739977795
2.40422991659683
0.0813304313324005
0.0201739622027965
0.348077745588274
1.87612255778737
0.620949534126807
1.07745731517015
1.52541553296185
0.167357430977398
0.972885314755145
0.279442472128957
0.738963889925375
0.179687965240152
0.598296379388147
0.384575220189031
1.70673517482495
0.327929887696004
0.435677159728419
0.197979769024138
1.73673410770057
1.01298105819634
0.920562932851892
0.957951059981199
0.60282953429512
0.896496117837346
1.02787104249041
1.16437907929071
0.25363249979865
0.036323500334444
0.3514764338943
2.33398418612007
4.3359674232508
1.20508889074855
0.140919846002259
0.564185996853319
1.21087246827977
2.23153129100514
0.52644002433278
3.62934642731728
0.74565159637046
1.78879063280087
0.688228482019427
0.440264020476616
0.745992097176165
0.627473893295432
2.14664141543291
2.27769637589912
0.116596059752141
2.34185647948179
1.25122335096371
0.766344445023056
0.0734606578720814
0.537046174853171
0.324327852905233
0.1063599687682
2.50509858140976
0.607169611912958
0.776452091567783
0.030550856029183
0.193889530209888
1.39833240447396
5.37185559648994
0.901728673148894
0.289134244417075
0.272301978404525
3.62584176600865
0.235611869516108
0.980729372567227
1.51662782493333
2.51450354103565
3.38127694897217
0.250189547487061
0.831098803051207
1.76227446409803
0.388224674635117
1.43042343079157
0.280699589207915
2.11559889692329
0.703787968837915
1.10426733201349
0.249068166094804
1.14576163949678
0.732397027975309
0.334129155719303
1.07987301210607
0.00256282155232277
0.357182754683144
0.774493230719345
1.98191435243622
1.31599943703985
0.385793937388546
0.48019268991762
0.215058245573904
0.501580309811087
2.42029138106936
1.66080639661877
2.93456783852
0.398741728254279
0.358649807706048
0.462785861992367
3.10959413292491
1.20574519408495
0.0129559439065463
0.0122288799508408
0.145936394825059
0.526239801174733
0.409851225094174
1.16528667866882
0.846671386931401
1.18971224037433
1.04549083835629
1.27437055640521
4.10960205589022
0.144692077066224
1.6664197449992
0.175908957430206
0.539291770982549
0.338326457674307
0.402054653553915
0.0917341361296318
4.22456374059976
1.87883178726227
1.85535520585813
0.391728834957302
1.26191692255547
2.62316781781262
0.733226419101563
0.0676682577247049
2.06364916648617
0.0536699687935337
0.600738191410453
0.0243550966936504
1.35085518903886
1.22982955508156
5.37748167826753
1.01078472024211
0.718679108592282
0.165166798075202
0.191755289166648
0.0113839381527687
0.219661686385808
0.349628653633738
0.409749616670569
1.49200123264989
0.327445451051111
0.0207644464275195
1.27704466344195
3.12651375391714
1.52191597852047
0.448923204793826
0.582736703853687
0.841155118794367
1.39270463702673
2.76387520885155
1.51633555759314
0.647949037414644
0.987157552490471
1.91191453676432
0.236907131093487
0.0411846717526232
0.225313567052094
1.73043335266651
2.57200557853052
0.834240142668752
3.37901796977542
2.45311660050011
1.46328986266049
0.848401183313573
0.477253074720222
0.290816698001196
0.321113264046522
1.04138155178607
0.0346550948849868
1.42877717484594
0.60602576485977
0.654255674664535
1.61052488004299
0.597059742400921
0.158806238343733
0.159734067248074
0.0174531591700151
0.0326988096787876
0.201787766511946
0.945915058484253
0.507570889078827
0.306218851514832
1.66411098798428
2.71039590486014
0.228070708199078
3.83820921508616
0.0890553521889893
1.07899561718536
1.66054013711946
0.396432504394218
0.610691931354371
1.88048729671726
0.610571167312877
0.838011250754662
0.0417306592578861
0.344894839946085
0.125876021339223
2.8749659692491
1.21583167390607
2.03688472852805
2.3260200483016
0.145890023893102
1.03238893099436
0.193262401303381
0.898865179239942
3.52270032888433
1.08723808464248
0.362955873427016
1.38113613305109
0.550893575561158
6.61634272796934
1.70000258081923
2.84784138778308
3.11343146901326
1.17925427927377
0.225095106342168
0.587055538731053
0.930763389013413
0.106497597552475
0.710757502971949
0.920093431007457
0.616205764980347
0.208104862841012
1.19010830917051
0.0533339955422443
0.130436004955603
0.528345670811723
1.0595106655758
0.216612604243055
0.680627270848651
0.865795968941933
1.03374095286434
0.300146012948358
1.38087146929801
0.169643858358322
0.518728152322344
0.0673735271535145
0.00791253010842423
1.61039722349924
1.61751491574918
0.806165478132283
1.53935586474367
0.218133754561902
0.584862169766345
0.695145433547257
0.886412265335655
1.22514455366863
2.13091736089648
0.0846192175279937
1.13379946898423
0.206813754489588
3.97979312662136
0.724852332395806
0.115926643748375
0.157990393286264
0.93301259300333
0.365898718834215
0.00949596810232294
2.90141751741275
0.388311411303575
0.301310674917242
2.94462274320011
0.531335224754151
0.240749683681271
0.915298119093906
1.18059338774043
0.97238672345961
2.28737407084912
3.10301543857906
0.677297136442341
0.0553788521293019
0.0905508640511959
0.874006941700884
1.23932955346522
3.5050787075579
0.391588206858883
2.24358582724973
0.615114237859308
0.655094662123108
2.68333979503682
0.0439095070115861
2.87396687179208
0.617251546835361
2.21040890696222
0.579571485231648
0.0804765118076417
0.676785181245006
1.99405745195738
0.881925717223299
0.573362471106124
0.787292740331346
0.33930908401632
0.70070302372741
0.303269283594137
1.39022549918969
0.5119358674001
2.99146226775569
2.01534832073555
0.372631455306222
1.20173286565628
0.485535750610437
0.300963857482798
0.400318574318374
0.00578464076323436
0.426059409911819
2.04571271760571
1.02759429847851
1.22161921464738
0.0559877973101924
1.8659409381499
3.04083039814064
0.456876187989708
4.58067541413882
1.14838062419397
0.786672675951655
0.757347697704301
0.900408783536339
1.3003675994596
4.68231962861019
1.21869487432528
0.284988065535967
1.40884997844026
0.265479787069435
2.63646205276643
2.75438599475208
1.22914707276563
0.466740793968482
0.00138375676970839
0.548418082035992
0.686684910261566
0.358999481920748
4.70372292568236
1.17755217636184
0.062514567145902
1.94195745402025
0.587764751960209
0.0593086847952953
5.30764247951352
0.710955265004247
1.01937388859958
0.0221239524641943
0.169132082969274
0.409703019810492
0.751727329258097
1.05587989566036
0.964360016048144
3.76701064835465
1.0479133410519
1.13569722847827
0.925207527935054
0.43562118488255
0.0635025719192423
2.74015942013627
3.31915936912721
0.852145768742362
0.159279629675816
0.610020086913594
1.04000974851941
0.50336468441804
0.716350553713896
1.02624878739508
0.409669657604512
2.47587072000506
1.09035396459566
0.794055619947996
0.885802550840005
1.74251034613232
2.73138215336566
0.0904621381056903
0.105241983583497
0.306927935995608
1.26680087537018
0.482081018696984
0.363978350733972
1.36819093750517
1.07281865419449
0.666134581867145
0.489701534947135
0.440888212230222
2.04979836535795
0.849128025651833
0.935135389428027
0.248022469958769
0.680718722460531
0.812414153376658
0.237368242701974
0.486688589534724
1.35189498540418
0.461163186900212
0.327022873307507
1.56049027372873
2.16370381793195
1.75900092186285
2.94424569718954
3.17824805557671
0.612969693050316
1.03567425340003
0.263415800647464
1.97106100672496
0.068741576453875
0.738014355160058
0.0785149759476683
1.90198512438811
2.16206673072581
3.24372777243595
0.414302182953848
0.294849018927732
0.845601187503644
0.103187614006192
0.182272839472307
0.239376683085536
2.04524096186192
1.61366017612577
2.39607975457761
0.477678129748776
0.627116859478425
1.77709048474351
0.870868620096754
0.646971751835118
0.289675291849423
1.1040787046136
2.16303605501587
0.164313036948521
0.67857442424679
0.403824187236537
2.17389940078754
0.606560134457153
3.79211201219639
1.92324013901534
0.851255716491656
0.211671322536964
0.154774581530017
0.719818961627375
0.15030577525256
0.035991343951848
0.160137190568252
0.023442200741387
0.567370427323863
1.94909717801982
0.155234029825787
1.11440635588206
0.773011782676754
5.24370577595177
0.478402300823512
1.5406157649298
0.113760573733704
0.733514601455814
0.664810771886825
1.25130614526942
0.821122403278076
0.85586388881419
0.0486724318101043
0.662063717638819
5.13778760831798
0.444191511878334
0.0662952308246369
0.0278571453162473
0.432015940769796
1.07372290115264
2.22446703522431
0.269677351549543
0.81323402038379
0.264711063559679
0.871987649929407
3.25000700453006
0.388561938108825
0.88474061043275
0.316270597559197
1.61183610182108
0.148887019482101
1.22927125013816
0.677691762350858
0.17111407146743
0.239862972076267
1.00495351990163
0.362121700785171
1.48114396447566
0.129471993941706
0.568380299059664
0.457801766707991
0.298893778720725
0.835061511357102
1.48133854224193
1.79603019849677
0.0717218701133904
0.225093591154193
0.525889257719555
1.04134350320649
0.251176837896494
0.688508811243683
1.69570183013829
0.296977370676393
0.820952290723655
0.100682462948723
0.401155120228489
1.32575072554552
0.441044410091338
1.6877773872835
1.3710192142291
0.351061630787282
1.35997161074271
3.70413235197649
0.326995078051316
0.0842692425264142
0.725238632124614
2.4551194231076
2.13149632461526
0.441394756712547
0.624520611585022
1.54438719545253
0.0088454881978046
0.332503522800018
0.713761681882043
1.59384185826242
0.716968468554216
1.42139771841442
0.34797204605183
0.358670991411312
1.40449704656827
0.876359380171971
0.783413298175351
0.0784495726190527
1.86862433378657
1.23579710391084
0.705355505256363
0.347946748592832
0.26948429315719
0.206316740007239
0.0500148314236249
2.02065067467848
0.130327790290758
2.35398997323254
2.78832222121229
0.239254341226549
1.15335418530178
0.40539292483197
1.7377454365428
0.312975077231513
0.376693383690983
0.974718301545506
0.751696887774267
5.25245754278774
0.124783278279858
0.0716103155088753
1.08296572822662
1.0101042502825
0.288646424645352
0.731832932834715
0.552686108799672
0.0399272494386073
3.30904982643083
1.8276604069719
0.449117658762489
3.0080410612031
0.69205072719778
0.142262700586349
0.0122135928651913
0.095946942825337
0.602424381317431
1.0128963813666
2.28698667548886
2.71529710208108
7.0364963659799
1.95314595147854
2.41812809415302
1.26517297860206
3.28235523287143
0.294349232274161
0.0431568061263363
0.103678359433908
8.74110358360895
0.305894475565038
0.203773494179113
0.0678982990310387
4.1961028448031
0.0433117542640883
1.66940596622831
1.03991585554587
0.668660186141497
0.101852239699107
0.100724381680831
1.09123978902772
1.18042670934436
0.448984262066215
1.01901770811892
0.618070258799768
0.711388197556721
2.05516733316999
1.1550285341182
1.84083018156568
0.090616871983432
0.537210202109505
0.430192723155066
1.9310849032362
1.73692874521513
0.767986038974827
0.127459461625138
0.196179077471166
0.781564607771986
1.53025887606907
0.690022021841582
1.82751907299137
1.51332998861741
2.59904632858628
0.861331648906703
0.172195500751514
0.599173364865315
0.31888663118701
0.0359725467657059
1.52480521092123
0.965106894018383
1.56363155144636
1.08398213722961
1.40776486867511
1.90092288345832
0.551845967360574
0.276290585202411
1.49998195863644
0.173340203906302
0.130227603146053
2.92292818638979
0.199734106806784
0.935970449024412
0.165251961322197
1.08500737629039
0.825129367140126
1.79668780935386
0.834586739457043
0.844056625540028
0.715692362554189
0.459027830853026
1.65146797779936
0.569027069872257
0.461851939078887
1.01147021945664
0.119530601715658
0.575687407835231
0.921972820967112
0.0606319431446212
1.97274936360609